LAYOUT__TAB_HEIGHT=31
WINDOW__TOOLBAR_FILL_COLOR=0.0, 0.0, 0.93085104, 3|0.0, 0.0, 0.84042555, 100
eclipse.preferences.version=1
